vetores <- c(9.8, 7.7, 5.8, 9.2)
vetores2 <- c(8.9, 9.8, 9.3, 9.1)
vetores3 <- c(9.3, 9.1, 5.9, 9.7)
